12.245123018191649 -4.179789386541053
 
142.44132970449363 32.955970014794985
 
-62.313874163132894 13.952440782143029
 
-65.76750521618959 46.40326849242065
 
110.95624471156425 18.76038833366841
 
32.05843873614462 33.35081860949825
 
124.18636409420192 -22.620937184997196
 
64.57959660694381 21.6297257396049
 
130.3409559562043 15.404442809939674
 
-38.81935651878939 -27.560621876468026
 
42.91186344479091 26.461340254708396
 
-51.59238528913613 14.485409814748934
 
107.69086454280968 42.88088979976388
 
-41.54715288513138 -18.935788965430625
 
55.479887605880336 57.42875667877176
 
-39.60014128977305 22.872931561481458
 
51.886465605651395 19.88069669025716
 
17.667202805567584 27.016676957715227
 
-43.05442863863499 2.1898070854495657
 
5.814222302002449 -24.185176814502025
 
-21.242475550392115 59.02617709027287
 
64.1436447089692 52.06542846844647
 
-60.38279577642866 52.53080668538601
 
-100.62602103785434 -29.979301852272634
 
141.0580428280822 53.119938774104185
 
45.472083727036605 -19.228027747326962
 
145.01909113886683 -19.76924433008191
 
48.559902422771486 10.397893677641868
 
35.17631384182785 2.53699566694781
 
113.49313230035686 6.441781913789171
 
-117.8967781943251 -1.8840852552770535
 
-19.416811909753065 50.05278290511849
 
32.193913324730474 40.643583424895226
 
112.18114519780131 -24.88387452435029
 
119.9828071229975 49.70193896411834
 
-20.399219536661448 13.854833748296478
 
-24.333358126261885 -10.882749091149812
 
116.26511685012174 22.935290493212115
 
75.83485659113417 19.7440459976931
 
-45.698810629924424 -13.747967367395013
 
98.16768900938762 1.3766308678999764
 
4.356794444697002 10.764334504347616
 
122.50635890418691 -23.706640616638456
 
118.59220863935867 10.925618091431062
 
103.3926651177705 -2.361240354782691
 
-51.81243639345985 53.30247675334543
 
58.51243284725446 51.47418437463166
 
-69.4585203790263 14.050495953247001
 
-12.09183025109914 -29.92269353053118
 
-61.5105545222212 17.645006911038692
 
-95.38296108493145 -29.780134806162966
 
9.067386511796926 8.20148995578569
 
-46.229993697809405 44.01998604068291
 
92.35587209653401 52.03472846441967
 
65.34978025862479 57.13225035547197
 
54.37988962333908 0.8450425108659942
 
114.00564023088863 56.114553896786575
 
-0.6164945048903832 -27.52503844297746
 
-49.547969636009185 -5.745924318085283
 
90.22375721935849 0.9406219467777888
 
-59.25793808989186 42.13286947964592
 
82.32528483612064 -6.387469454980266
 
-36.19673906947736 45.0249608651432
 
105.41469838774678 -26.73725140137667
 
-64.06772540848738 23.7347836342675
 
83.93672850012219 16.704118830220168
 
73.88044031469853 23.977230406609813
 
78.84466570203772 -7.922510163715085
 
140.58554790563903 -33.403631654336635
 
-19.231371214875423 8.371216434588653
 
10.067339298015227 17.990064322975357
 
-21.273324293661716 18.11297814275939
 
13.945394702089217 49.20640397092369
 
-59.98530834939228 54.564744831333996
 
-93.72502651821951 -16.766082637105704
 
-57.70331736272537 -23.870863372248277
 
-94.07131089372946 -13.621018428673192
 
106.88751141953124 22.119675628666585
 
8.185387193866873 0.6734346088721495
 
89.97676784715735 -17.302485519959756
 
38.008457304404985 53.51729606793516
 
-15.749291939182214 13.645616756022399
 
43.538708944449425 -30.350665038060363
 
43.451212974798935 29.888773990953624
 
87.94083853048546 48.94532172138243
 
-30.060739363249965 -12.661241147021826
 
17.394982961334065 2.142516221057292
 
-73.3174251527612 -32.28815405230539
 
80.33074002000826 22.76281995452313
 
26.683998638977172 58.53886262498706
 
-113.82858465175023 60.75678459799215
 
47.232197576513116 -10.358229133256255
 
71.02838560672699 2.773454303664309
 
101.56311998743605 -3.4928589239588526
 
9.152620890360325 55.726622712369135
 
79.54990094864361 51.94271099061871
 
11.181599524690611 39.21032460402482
 
141.98380961844953 48.10728348651415
 
-31.959466519225785 31.813181260844402
 
7.94131760695511 -8.08199324453788
 
151.0231454462696 21.758941698612382
 
85.36910409454931 41.07059907528229
 
-21.735500845665484 5.006355918782063
 
-41.805868911076345 52.80777540528554
 
-49.93344325116361 -24.25662260439907
 
-5.423901204872962 -13.645714394851783
 
-115.93675896847624 -21.464369759956504
 
-55.32281797120032 33.20483358488319
 
93.53758697743037 54.49157895482303
 
32.39027641167375 30.91325556523539
 
97.8251499183571 29.185257456267884
 
81.04507977507232 32.189630776708086
 
-25.69363021271434 36.10603369371117
 
36.823975939551914 0.6951823037098777
 
-114.00313712233122 0.1833250931517938
 
-43.660642151059974 14.821889309600195
 
26.959356599363517 48.386996889178775
 
-105.00971397061744 27.034002374142183
 
-39.39842243166011 -31.32569643723715
 
49.64172307514907 -13.230744947893069
 
42.381640518579914 12.590542727881335
 
66.98228006715387 -10.479724075438206
 
-8.134874597938705 30.81149707773315
 
-81.14515207471584 36.473698813508435
 
-22.598389682536038 50.03361013835166
 
38.37753649167708 -22.02410753071674
 
52.48214356728944 52.21403093203516
 
2.9819059301454303 -0.1270759585994341
 
-4.723256990332914 51.68051063801309
 
-66.26190982569767 26.876513539767814
 
28.17166041309447 55.18148188495776
 
-4.4785273872214475 39.84057641060984
 
97.10000585403101 39.864505333995396
 
-75.89331302304265 47.8351957918387
 
124.11410388810073 45.83498166399335
 
-55.481167036744694 50.78671673018631
 
46.12133856674474 42.54385149577142
 
62.314265009769585 58.06639855183542
 
-78.9295428272405 -0.12528679107857243
 
-91.02259842228469 -15.371795760638449
 
81.82967840513477 21.419211143970273
 
-34.08844451093415 -24.94472746907636
 
68.13793378245153 -7.456949516665336
 
87.42357721695483 1.803584338653799
 
-19.82926813735463 40.51306099661879
 
24.17733152714537 -26.00905664264285
 
99.7272299506031 9.062816702924152
 
120.41601722342848 36.810915207571284
 
102.36525120814879 34.11764024615857
 
129.8647962609711 -31.26356019219269
 
-117.13276596244057 35.99855966507931
 
-106.90935467575802 -0.5129383496816757
 
-62.78779520099279 -24.429328786732015
 
-62.838403931121945 16.939834682778965
 
-39.61915039006287 17.107110771463105
 
129.23429681589607 59.61646605950122
 
104.36449160359338 42.249419949856076
 
65.67632324447077 -26.424786620456526
 
-46.691451355014166 37.64126059022492
 
42.63435913930793 13.137600810247605
 
-95.68978409933649 17.44752634399562
 
-90.80238354089441 51.62753038241391
 
-1.4868670522136398 -10.404892383930445
 
47.58705176505494 -31.952809368261413
 
75.23073707223865 31.256272063759795
 
85.30019449604855 -0.6485832847819566
 
145.09463765351842 -19.50560122037775
 
92.7751164099371 -23.3371869686718
 
-29.618756631128804 36.538976703264524
 
124.1999760686525 19.01925723279706
 
86.99390568735829 28.76819265953052
 
115.97097077061501 48.29804900261
 
47.059602361385785 -19.77023409357223
 
116.76274743361402 48.76184522472386
 
36.35397513031616 -22.772541756034613
 
-114.68727545769063 13.586638408244724
 
111.70381143892017 5.214763973437826
 
65.6878995482772 12.15197877973062
 
54.673889528035616 12.262747043064216
 
-62.20280390181647 59.651184144367974
 
-27.564060856567977 41.7021628499827
 
52.36344759696475 -25.321772006732132
 
150.7506149137015 24.36803649289329
 
-76.62500545327812 35.74522377261445
 
-81.33815737558031 -32.084999929209474
 
23.75783053408513 21.247174314785852
 
-33.129682696433576 42.17874850188035
 
31.50737404907524 3.952742660019929
 
-116.62068693260102 30.090813129194835
 
-13.178209113300369 -23.718302778715447
 
-48.05348260173126 22.927793355101628
 
30.611191771929256 -7.3164871155005144
 
41.68008956974968 5.703524586618542
 
98.59614618578597 57.56763918093469
 
-29.020805245197295 49.08729672324898
 
92.82506524394772 55.940696241385666
 
-76.86023404968711 -31.22167031108711
 
-64.92790775639014 -15.908398792352127
 
121.61952742812532 18.14570301044497
 
-13.98606355932722 -32.2933053349257
 
22.475417953783037 53.38823879487052
 
119.68334891225324 41.159723388528235
 
117.5124860055033 17.17835849250919
 
121.6148450241762 -14.498555740428085
 
114.07785498181754 40.43994852553904
 
-12.931427737802736 -32.34826522794168
 
-42.28879379025189 43.489958556609565
 
82.87865765734232 -21.303937643884144
 
32.75707753339465 -5.1202663931342265
 
70.3915519426295 -27.25404830647959
 
19.79401081727879 26.502836045147063
 
-99.93059263673089 11.02455962955434
 
-1.605035159198522 -12.085052390477713
 
-57.761649375599205 -16.54642241749096
 
150.35871764945762 -5.410090079107814
 
107.47403053331318 3.9542549493139134
 
92.37128461797171 -10.508615508118321
 
60.61290431257207 58.69035749114278
 
130.27291331976232 -29.58142928808255
 
-32.15615034451598 9.562709291863875
 
-70.32732094690418 -0.6148792407744139
 
-71.99108736795628 10.393374416822695
 
130.9923527864537 53.36298249764815
 
-116.95736913963867 -3.404206095815738
 
-87.4905843795334 35.94782584993125
 
-15.81498769638759 -15.009370285505078
 
120.17480365911355 36.06696413181545
 
127.92157395123947 -31.09749410675192
 
49.005544261186216 3.567366000261991
 
-49.080700756996734 -1.565602708298826
 
-21.47920504574654 6.948038120636745
 
148.23739588905244 29.373376364466843
 
47.81011317864109 51.11578235041014
 
92.00779731035784 36.21556650081135
 
-30.101158169334198 8.710850662542398
 
-3.508345715135931 26.1577001220031
 
91.3465759628338 -23.754794342251856
 
-115.25844164200677 -11.416071750593343
 
-92.4647710382556 -31.82359491474987
 
77.31025336412658 49.674943663126896
 
