151.8645546031011 60.838731033770074
 
151.51240239922248 60.895978607124476
 
151.60348395500347 60.925703995158685
 
151.44865254658407 61.00120834895648
 
151.80651874210247 60.96573342831233
 
151.82056748109335 60.97672361572076
 
151.7434633001812 60.9527165751999
 
151.7625885716406 60.8254733535709
 
151.48496556497514 60.97147816087818
 
151.4267919905712 60.988636339495685
 
151.73753263416393 60.84738381288578
 
151.42278684405198 60.853687202089574
 
151.72088662258176 60.83856431248195
 
151.38638545740565 60.96993795929494
 
151.55799467694703 60.81332474425125
 
151.7914203280319 61.004691143322106
 
151.56469694240326 60.802807335094585
 
151.6387851367378 60.97753104216909
 
151.50931503562146 60.83877542988395
 
151.4726265061464 60.96261934740038
 
151.7413745228959 60.899411986397354
 
151.80428668718696 60.83760174217609
 
151.7879287045588 60.917614197873334
 
151.72438028486977 60.947985192326584
 
151.47491258431165 60.93414283086966
 
151.8563945500896 60.8945419246529
 
151.3552749368776 60.99591253922095
 
151.46073495163012 60.910319299902326
 
151.62749813189873 60.95432719751679
 
151.39275328324356 61.014523605906845
 
151.4661112801544 60.836284255403484
 
151.5651987494312 60.856430359894745
 
151.88322066377538 60.98221062841867
 
151.34825116449605 60.94393547844983
 
151.8903827786686 60.96790180792176
 
151.50627767826933 61.004454941100505
 
151.90686114337524 60.83585352888831
 
151.8935123793264 60.893130370756765
 
151.4688871221358 60.83503989434611
 
151.57652955764235 60.8706026033568
 
151.41486699007612 60.943791026053376
 
151.81094409874862 60.872431605388726
 
151.62563404565645 60.94740297333779
 
151.8927246236974 60.97566731824729
 
151.42101552469876 60.81818921772411
 
151.3617476592484 60.98166702871737
 
151.63351253915522 60.86416811757283
 
151.88706908593372 60.83635052959637
 
151.45382838891345 60.85804366011432
 
151.72428169673685 60.96055161021475
 
151.51541313303346 61.01506875862849
 
151.29452322545228 60.908027412777415
 
151.33567877060744 60.93768515902376
 
151.76263909192727 60.928874204488906
 
151.6492853231568 60.93928343598772
 
151.56025493462033 60.98227776497487
 
151.36789644134433 60.90708967797637
 
151.6705668834199 60.89583599387363
 
151.7393627379426 61.00012735747609
 
151.4350427907479 60.88190776063267
 
151.8596836165603 60.909028053383224
 
151.78838677219977 60.94250330972547
 
151.79447130781244 60.96946276253007
 
151.87108602682122 60.97949659762968
 
151.79445515162234 60.93614953854981
 
151.80776310122434 60.96890782463811
 
151.32160124129047 60.82159021948439
 
151.7331047117636 60.835175541655616
 
151.71100984194396 60.98808317668829
 
151.29345710517111 60.8925203890457
 
151.66510629961869 60.84178321273846
 
151.619074749728 61.00060577105634
 
151.49212476447366 60.83840029947645
 
151.78953251119623 60.97712688596016
 
151.66123714533774 60.82647605903088
 
151.29107596092712 60.89508502919735
 
151.7076001874595 60.95572566158836
 
151.46854217362846 61.00557784281958
 
151.39173425381665 60.881599473710764
 
151.34322403161713 61.019237415588364
 
151.36449765829087 60.97520421091845
 
151.51977300743056 60.91361967938839
 
151.35749091867916 60.831434737824125
 
151.32551542516376 60.93754983846593
 
151.90415056816204 60.996868682669785
 
151.69888667353473 60.92859385216714
 
151.7185771634637 60.85965973597861
 
151.83457753088442 60.82191385971464
 
151.69498546389246 60.897684708087326
 
151.35953503845963 60.99999381200284
 
151.4315236256159 61.00205812021203
 
151.40344463165064 60.846345853225344
 
151.7060827708915 60.98999646397449
 
151.60651995373058 60.98572919906498
 
151.76733750601954 61.01965792566578
 
151.5443394605569 60.89661876676983
 
151.62909721889844 60.9426341266109
 
151.40273584653949 60.90259869769608
 
151.41969720370815 60.9446463855805
 
151.34785514967172 60.927906412946314
 
151.81705564289132 60.8116455775
 
151.55389946345258 60.97734194104295
 
151.42672245932891 60.93580121768852
 
151.37095503706627 60.84030535096839
 
151.5868879081322 60.93711917601176
 
151.84726798857065 60.94317346535243
 
151.8375820393715 60.94950323630766
 
151.8488467457728 60.9101275679304
 
151.44428837572036 61.006945108418705
 
151.8126068446632 60.91644906941032
 
151.65114540194384 60.882637039257446
 
151.67470450966897 60.9673746664331
 
151.8054532829202 60.976744304684814
 
151.7905439791213 60.88231070081936
 
151.86677438642255 60.889447389690176
 
151.28706844504342 60.94606375345673
 
151.74459406766982 60.86106299001946
 
151.55502752148175 60.83682652466352
 
151.7406029969876 60.977496647030875
 
151.59574059006474 61.01327296609249
 
151.54080996047867 60.999463238065076
 
151.40965986519706 60.838575364375714
 
151.58944208953392 60.95161523488299
 
151.82555458523854 60.961326443688364
 
151.84580673959044 61.008062489228294
 
151.8550111700211 60.988345272106585
 
151.7232241806895 60.97214824914306
 
151.5105089990708 60.90343146505252
 
151.5466778441608 60.923979822546116
 
151.60992033509183 60.80014417120394
 
151.89480025280898 60.855131467023696
 
151.86879536317798 60.880119082309676
 
151.44323670336377 61.015666327624544
 
151.69497522156786 60.842613312267034
 
151.36366854218483 60.84307938049437
 
151.46410016584554 60.96351752328533
 
151.74777510673215 60.967234764765976
 
151.33451936939952 60.84870297700091
 
151.36737128535606 60.827202814626744
 
151.35284015101695 60.92793081735529
 
151.42950303049355 61.00576261892493
 
151.62213487022711 60.85411645996665
 
151.687098789331 60.929309343708184
 
151.3975372428181 60.86225220291354
 
151.64106872267945 60.805778920647384
 
151.38900810998172 60.85205406173783
 
151.3249693613551 60.99355748707326
 
151.77226789654674 60.89047637238576
 
151.28717655552788 60.81661259990439
 
151.79941523769196 61.00849784060861
 
151.58445568802563 60.97464755160094
 
151.302642804112 60.9555106032045
 
151.682893661109 60.82727947713528
 
151.73877353186083 60.870153757963365
 
151.7590659226367 60.98410201071856
 
151.53601149410548 60.98206816343948
 
151.69021515873897 60.939993726768805
 
151.35478089904183 60.854085301948984
 
151.75913931938402 60.99283502959089
 
151.32940521734474 61.00635152085927
 
151.86302234918492 60.911607167802956
 
151.80725492692227 60.816111304383895
 
151.5235007074154 60.806536460452335
 
151.71778206181364 61.00589432855365
 
151.55341592496023 60.941610563781666
 
151.50832568264588 60.90738115962881
 
151.55029572203978 60.95614552823726
 
151.40479823485555 60.86751866669809
 
151.41946588837214 60.969598810727035
 
151.62729683310914 60.97253768524182
 
151.45053969453028 60.837933726017454
 
151.6973857532518 61.00943683188669
 
151.4123446294638 60.87498974454752
 
151.54142982175875 60.94656480296352
 
151.4950844095207 61.0113369451377
 
151.67670874266594 60.860449727432
 
151.86842334551147 60.93575451417948
 
151.64791954097944 60.802929781461586
 
151.81947064673972 60.998650401825174
 
151.5306956711736 60.942020247673824
 
151.29308634571737 60.817426375944464
 
151.4396678556664 60.83065618558845
 
151.61532249014357 60.85732156304857
 
151.31423696660897 60.86479563877859
 
151.8836999724657 61.01045815136571
 
151.3391152719044 60.91950120460679
 
151.49964272443185 60.861136802731394
 
151.39221933266725 60.94473708777255
 
151.63290396561126 60.89749527341972
 
151.33042701335023 60.833304454189985
 
151.54627942111364 61.017224610916244
 
151.74795509186634 60.83068484765613
 
151.85933696246707 60.97494424770032
 
151.34059683159109 60.875965007247075
 
151.5929061229441 60.94773472815349
 
151.8044624078471 60.807987499284266
 
151.68477838174135 60.994809457484436
 
151.8928421665915 60.893090916168845
 
151.7804784534335 60.84252956260836
 
151.750498360299 60.985122356716346
 
151.43560574805576 60.97395970157338
 
151.40145020315072 60.9945217416349
 
151.71066348640767 60.8646103237605
 
151.6879655406044 60.92759952068222
 
151.5112084020256 61.01452631417344
 
151.79681296248708 61.014432284032026
 
151.52462909867364 60.80527397042586
 
151.62508480256832 60.95961110305399
 
151.3396569881628 61.008194737753655
 
151.7781536411744 60.96450238607308
 
151.4876348783684 60.886677691942666
 
151.47636195891198 60.8933258988955
 
151.69624595324746 60.8386355618818
 
151.80878641246142 60.93768652330161
 
151.6885295328537 60.87622456956166
 
151.43529419444366 60.93439492199518
 
151.47756047584676 60.88318796531675
 
151.82273178305257 60.90892012502411
 
151.66082023827408 60.83192198685525
 
151.76955490356517 60.93923463062637
 
151.515966053952 60.90042577064233
 
151.7032306834327 60.95196723071837
 
151.82850859856558 60.8710954507343
 
151.6913945972231 60.903767507906906
 
151.5926770843509 60.82452479586965
 
151.50565207195558 60.908043759856085
 
151.6454849126501 60.94973200762335
 
151.3558012118081 60.963391216658394
 
151.8915264719842 60.884644676646914
 
151.75145199055294 60.85060296904314
 
151.57921675793824 60.80931758402565
 
151.31557024956186 60.864615629036265
 
151.55790437807957 60.94684709562958
 
151.3794017215484 60.800846367500995
 
151.68412332132294 60.862312400419626
 
151.6317192259566 60.90534354983184
 
151.46320933350785 60.94290281414591
 
151.8984231133801 60.895107870666735
 
151.63735891563272 60.82195807055871
 
151.57155119792617 60.963566392675574
 
